[
    [
        [
            [0.         1.         0.957341   ... 0.50602466 0.614749   0.97045714]
            [0.         1.         0.14296213 ... 0.6840508  0.5769926  0.96643484]
            [0.         1.         0.14162344 ... 0.29861382 0.32819465 0.4559302 ]
                                    ...
            [0.         0.         0.         ... 0.         0.         0.        ]
            [0.         0.         0.         ... 0.         0.         0.        ]
            [0.         0.         0.         ... 0.         0.         0.        ]
        ]
    ]
]